22.879517152111543;-191.5772803819715;-72.01396632427944;-37.06146477039028;36.10606049873731;85.8878369845822;-106.83773493579993;51.39106476865733;636.8357501037967;-1249.1087362249814;
Fitness;-2921.6612394391104;
Calculations began;2023-12-11 21:24:54.636438;Calculations ended;2023-12-11 21:24:55.093716
6.785013715104558;-56.7885833471002;208.45116904681373;1329.7749950829516;352.0325578656194;279.05297748484037;1307.9074990934523;-90.38709983943623;216.025928848907;29.613808052202174;
Fitness;-4942.209940585689;
Calculations began;2023-12-11 21:24:55.094729;Calculations ended;2023-12-11 21:24:55.561332
111.76586203462975;-213.0689096474975;-257.5481809216996;-99.61782977724684;219.22956304109385;-94.32866586842424;-86.10362601987396;-332.3350229742888;54.562062336627406;126.50546781847645;
Fitness;-2164.308432641883;
Calculations began;2023-12-11 21:24:55.563307;Calculations ended;2023-12-11 21:24:56.021250
-143.34865629787564;-5.92721083652915;-23.96081437261787;-33.21452744322882;-1903.7635501598581;90.26471352773355;341.5853774925461;-3289.0189711549965;7.279747411417766;158.35544446497622;
Fitness;-9790.173494119752;
Calculations began;2023-12-11 21:24:56.022369;Calculations ended;2023-12-11 21:24:56.481343
18.541935737597857;-150.75356916844288;30.46379889416031;106.84726366551237;-69.53574704492172;60.68983880109444;-61.0152498186006;61.45406140698138;-87.11056296945529;61.64030994685838;
Fitness;-833.2458248676859;
Calculations began;2023-12-11 21:24:56.482434;Calculations ended;2023-12-11 21:24:56.946566
-0.3198291078252145;-71.84070785315136;-72.59409289087094;-62.697406363667916;-303.48182086153986;52.90834635589135;99.5855749843353;-611.7598651745237;69.0804115908357;-70.09448596947514;
Fitness;-1875.5972800677675;
Calculations began;2023-12-11 21:24:56.947554;Calculations ended;2023-12-11 21:24:57.411598
-102.19705927934697;66.1196155547121;-83.23811862553693;-85.92157942075168;52.02167814830727;104.76793876507746;-77.0186168068806;37.772991092475465;-163.50093734125173;-14.819126905175517;
Fitness;-930.4095851298723;
Calculations began;2023-12-11 21:24:57.412576;Calculations ended;2023-12-11 21:24:57.872016
-111.44218418561509;66.65116569335753;-87.72449226535804;60.94976985654808;-2.017561578410105;12.989947948494313;-77.6866930510956;68.07286296670286;112.93192760268434;85.30329068713375;
Fitness;-1121.7804490691685;
Calculations began;2023-12-11 21:24:57.873171;Calculations ended;2023-12-11 21:24:58.338111
97.82669878953226;-77.21413878962308;-66.329217246551;-80.94741535001991;53.26841771759629;109.45591910259905;104.02107543539654;-420.2540235210479;573.8979838246756;-69.94247435915698;
Fitness;-2160.4002219123095;
Calculations began;2023-12-11 21:24:58.339365;Calculations ended;2023-12-11 21:24:58.799676
84.11151045180902;-89.0832012171456;44.599513253510715;-93.18989555637087;-78.22114652646724;62.561125833376465;-213.30303514542874;-67.21184587170816;-65.74001239742559;39.80437636734903;
Fitness;-899.5863154463871;
Calculations began;2023-12-11 21:24:58.800676;Calculations ended;2023-12-11 21:24:59.260931
-1834.4805997122435;1553.6872130118559;10928.50928029321;-15256.247542248193;-11157.508839385055;-95964.61726373494;-114.76439646636227;-11108.917552748697;-84280.45531995269;425.7469005915463;
Fitness;-424911.08970161685;
Calculations began;2023-12-11 21:24:59.268299;Calculations ended;2023-12-11 21:24:59.728074
151.57235864140048;-145.18184441112388;232.70006300034353;-129.52266492105537;24.959149134287063;-0.7296046997963247;12.125458793183165;351.1292398454528;-244.5906940740348;-232.6526872150231;
Fitness;-2395.0060251154514;
Calculations began;2023-12-11 21:24:59.729075;Calculations ended;2023-12-11 21:25:00.185321
238.44532368400107;-82.31915942116663;5746.469293437298;1211.1745529711866;-155.27663048365235;-14.683245631738075;1055.6773818387567;-152036.34001708266;-28.51381216087913;-279.69003746981326;
Fitness;-123326.5774939816;
Calculations began;2023-12-11 21:25:00.186331;Calculations ended;2023-12-11 21:25:00.647136
468.5015967710158;109.48456112910773;926.6684361797252;-73.21927053636546;-103.05189591151779;77.01883701268947;161.1228906782039;-707.8150701302152;-52.45462055823778;145.09586014614118;
Fitness;-3275.314273386701;
Calculations began;2023-12-11 21:25:00.648136;Calculations ended;2023-12-11 21:25:01.106066
248.3642771623268;222.40242331869882;53.725456867069376;105.27914141947016;-213.10617331492674;-473.20665298401747;191.87230423722244;-122.23665997402192;77.07650041929462;-79.4341037381132;
Fitness;-2792.2748806576274;
Calculations began;2023-12-11 21:25:01.107070;Calculations ended;2023-12-11 21:25:01.583325
-188.95637273300926;-31.6681058725879;23.512510160829965;133.19268554603934;69.86648363060526;3.980475232178931;9.446980507722127;13.10662731569985;-90.21507467053635;67.74512777450194;
Fitness;-977.4503702564356;
Calculations began;2023-12-11 21:25:01.584338;Calculations ended;2023-12-11 21:25:02.040342
11.545035635521469;-162.3834229655426;468.73754524248875;-111.7992999171668;-102.02337496904093;153.90601175119173;1931.3057416302358;549.3770650366556;-424.90037564818;-406.169762545316;
Fitness;-6972.078281973114;
Calculations began;2023-12-11 21:25:02.040342;Calculations ended;2023-12-11 21:25:02.504086
292.89491924308527;-60.88600103606962;-54.286704259527525;45.68025040703011;114.77418750464616;-71.84948576083653;60.21646178303499;332.8231917800164;-250.9944300082671;-236.0651819758893;
Fitness;-2015.7385758579615;
Calculations began;2023-12-11 21:25:02.505089;Calculations ended;2023-12-11 21:25:02.966300
641.2011921117266;44.01854162652177;-27.79806066244044;-187.41656222006048;97.09310538600069;-59.728221131546334;180.32788809943614;4957.682896850641;-437.6189073896092;-1160.4007528679858;
Fitness;-9600.129364202901;
Calculations began;2023-12-11 21:25:02.967285;Calculations ended;2023-12-11 21:25:03.428715
1610.9615695529374;232.1517135554079;144.37976586343729;-18709.336378896624;22396.01883223914;-8.444466591216448;39.43525640061425;-486.44024230575;52512.61593374174;-411.87768103728695;
Fitness;-140471.3659560908;
Calculations began;2023-12-11 21:25:03.429716;Calculations ended;2023-12-11 21:25:03.883118
-129.4981458626267;-138.21439823498258;67.50111890808411;-0.19758247923581385;32.0680397342068;-14.542232295911676;2591.027969416689;108.83611725835682;602.5324442830835;428.79969025255696;
Fitness;-6045.8974551807905;
Calculations began;2023-12-11 21:25:03.884127;Calculations ended;2023-12-11 21:25:04.347139
-89.70463750841184;-75.41451722270737;-35.76910015959997;-83.18481155760017;49.279273026435966;102.28227638529327;-85.79410676419018;70.12155722818824;133.86324649824533;-11.64234987373974;
Fitness;-824.6993595620291;
Calculations began;2023-12-11 21:25:04.348139;Calculations ended;2023-12-11 21:25:04.811996
82.02075679324024;103.06914354147239;-58.686895585806475;46.45214625842894;111.87351068446966;-80.57101497327466;56.36360653919653;-8.42306678742452;153.7357401392725;21.52464209948162;
Fitness;-903.6194078585839;
Calculations began;2023-12-11 21:25:04.813001;Calculations ended;2023-12-11 21:25:05.312878
96.27862138094878;76.61491132338824;149.53139513052352;82.48017440170194;-72.33397462773993;46.22525028066797;-28.960604684767613;41.28619079722886;23.445420240047095;11.285497953095062;
Fitness;-928.0499186871633;
Calculations began;2023-12-11 21:25:05.313928;Calculations ended;2023-12-11 21:25:05.848554
20.69674647491038;-8.666866201613974;21.951014923638205;-102.32117799751695;-90.67709123154297;59.897079522717696;-10.676604867380002;-155.7167599956892;-34.897618250340216;40.29787300267396;
Fitness;-697.9474203185548;
Calculations began;2023-12-11 21:25:05.849553;Calculations ended;2023-12-11 21:25:06.312397
-13.085147276837235;28.09188077395917;-0.38405203308754493;-83.99583983709398;61.42505401916626;-114.74363535866468;219.36191143480522;52.74868466863353;106.80192869516827;18.761927249578907;
Fitness;-1109.3048236444793;
Calculations began;2023-12-11 21:25:06.312397;Calculations ended;2023-12-11 21:25:06.783401
45.51349689471911;131.76454821219562;-43.88968944350507;-57.27625773498107;-106.8565893842489;64.17900224668284;-116.58500333047638;241.10256984408522;-51.1499442708416;30.052252838782543;
Fitness;-910.3123128590756;
Calculations began;2023-12-11 21:25:06.784416;Calculations ended;2023-12-11 21:25:07.238122
21.16602369285992;-56.093113907394326;-337.46940709273656;73.89703851339443;-100.91676651348655;413.980865474764;239.69375086228382;1877.234394428329;-13.546940984803697;5.59299753513224;
Fitness;-4845.3782361510775;
Calculations began;2023-12-11 21:25:07.239123;Calculations ended;2023-12-11 21:25:07.701412
44.32167126086753;110.55457116094986;81.13078997061554;6.408168035536862;16.54138474823777;-71.41217466962449;71.0793245507181;-1.6582685579679104;-85.09924722380714;-314.33594478570325;
Fitness;-1002.2285702517252;
Calculations began;2023-12-11 21:25:07.702402;Calculations ended;2023-12-11 21:25:08.168253
334.20780622458983;-12.29144381506474;35.12198916551472;377.2523533722069;20.819226698736102;-185.633833942437;-45.57259335213815;375.7896201486868;-536.5018642359208;158.44263335612288;
Fitness;-3274.0337233640867;
Calculations began;2023-12-11 21:25:08.169235;Calculations ended;2023-12-11 21:25:08.638538
